15 links:

((0, 1), (0, 4), (1, 2), (2, 3), (3, 7), (4, 5), (5, 6), (6, 10), (7, 11), (8, 9), (8, 12), (9, 10), (11, 15), (12, 13), (13, 14))
((0, 1), (0, 4), (1, 2), (2, 3), (3, 7), (4, 5), (5, 6), (6, 10), (7, 11), (8, 9), (8, 12), (9, 10), (11, 15), (12, 13), (13, 14))
((0, 1), (0, 4), (1, 2), (2, 3), (3, 7), (4, 5), (5, 6), (6, 10), (7, 11), (8, 9), (8, 12), (9, 10), (11, 15), (12, 13), (14, 15))
((0, 1), (0, 4), (1, 2), (2, 3), (3, 7), (4, 5), (5, 6), (6, 10), (7, 11), (8, 9), (8, 12), (9, 10), (11, 15), (13, 14), (14, 15))
((0, 1), (0, 4), (1, 2), (2, 3), (3, 7), (4, 5), (5, 6), (6, 10), (7, 11), (8, 9), (8, 12), (9, 10), (12, 13), (13, 14), (14, 15))
((0, 1), (0, 4), (1, 2), (2, 3), (3, 7), (4, 5), (5, 6), (6, 10), (7, 11), (8, 9), (8, 12), (9, 13), (10, 14), (11, 15), (13, 14))
((0, 1), (0, 4), (1, 2), (2, 3), (3, 7), (4, 5), (5, 6), (6, 10), (7, 11), (8, 9), (8, 12), (9, 13), (11, 15), (13, 14), (14, 15))
((0, 1), (0, 4), (1, 2), (2, 3), (3, 7), (4, 5), (5, 6), (6, 10), (7, 11), (8, 9), (8, 12), (10, 14), (11, 15), (12, 13), (13, 14))
((0, 1), (0, 4), (1, 2), (2, 3), (3, 7), (4, 5), (5, 6), (6, 10), (7, 11), (8, 9), (8, 12), (11, 15), (12, 13), (13, 14), (14, 15))
((0, 1), (0, 4), (1, 2), (2, 3), (3, 7), (4, 5), (5, 6), (6, 10), (7, 11), (8, 9), (9, 10), (11, 15), (12, 13), (13, 14), (14, 15))
((0, 1), (0, 4), (1, 2), (2, 3), (3, 7), (4, 5), (5, 6), (6, 10), (7, 11), (8, 12), (9, 10), (9, 13), (11, 15), (12, 13), (14, 15))
((0, 1), (0, 4), (1, 2), (2, 3), (3, 7), (4, 5), (5, 6), (6, 10), (7, 11), (8, 12), (9, 10), (11, 15), (12, 13), (13, 14), (14, 15))
((0, 1), (0, 4), (1, 2), (2, 3), (3, 7), (4, 5), (5, 6), (6, 10), (8, 9), (8, 12), (9, 10), (11, 15), (12, 13), (13, 14), (14, 15))
((0, 1), (0, 4), (1, 2), (2, 3), (3, 7), (4, 5), (5, 6), (6, 10), (8, 9), (8, 12), (9, 13), (10, 11), (11, 15), (13, 14), (14, 15))
((0, 1), (0, 4), (1, 2), (2, 3), (3, 7), (4, 5), (5, 6), (6, 10), (8, 9), (8, 12), (10, 11), (11, 15), (12, 13), (13, 14), (14, 15))
((0, 1), (0, 4), (1, 2), (2, 3), (3, 7), (4, 5), (5, 6), (7, 11), (8, 9), (8, 12), (9, 10), (10, 11), (12, 13), (13, 14), (14, 15))
((0, 1), (0, 4), (1, 2), (2, 3), (3, 7), (4, 5), (5, 6), (7, 11), (8, 9), (8, 12), (9, 10), (10, 14), (11, 15), (12, 13), (14, 15))
((0, 1), (0, 4), (1, 2), (2, 3), (3, 7), (4, 5), (5, 6), (7, 11), (8, 9), (8, 12), (9, 10), (11, 15), (12, 13), (13, 14), (14, 15))
((0, 1), (0, 4), (1, 2), (2, 3), (3, 7), (4, 5), (5, 6), (7, 11), (8, 12), (9, 10), (9, 13), (10, 14), (11, 15), (12, 13), (14, 15))
((0, 1), (0, 4), (1, 2), (2, 3), (3, 7), (4, 5), (5, 9), (6, 7), (6, 10), (8, 9), (8, 12), (10, 11), (11, 15), (12, 13), (13, 14))
((0, 1), (0, 4), (1, 2), (2, 3), (3, 7), (4, 5), (5, 9), (6, 7), (6, 10), (8, 9), (8, 12), (10, 11), (11, 15), (12, 13), (14, 15))
((0, 1), (0, 4), (1, 2), (2, 3), (3, 7), (4, 5), (5, 9), (6, 7), (6, 10), (8, 9), (8, 12), (10, 11), (11, 15), (13, 14), (14, 15))
((0, 1), (0, 4), (1, 2), (2, 3), (3, 7), (4, 5), (5, 9), (6, 7), (6, 10), (8, 9), (8, 12), (10, 11), (12, 13), (13, 14), (14, 15))
((0, 1), (0, 4), (1, 2), (2, 3), (3, 7), (4, 5), (5, 9), (6, 7), (6, 10), (8, 9), (8, 12), (10, 14), (11, 15), (12, 13), (14, 15))
((0, 1), (0, 4), (1, 2), (2, 3), (3, 7), (4, 5), (5, 9), (6, 7), (6, 10), (8, 9), (8, 12), (11, 15), (12, 13), (13, 14), (14, 15))
((0, 1), (0, 4), (1, 2), (2, 3), (3, 7), (4, 5), (5, 9), (6, 7), (6, 10), (8, 9), (10, 11), (11, 15), (12, 13), (13, 14), (14, 15))
((0, 1), (0, 4), (1, 2), (2, 3), (3, 7), (4, 5), (5, 9), (6, 7), (6, 10), (8, 12), (9, 13), (10, 11), (11, 15), (12, 13), (14, 15))
((0, 1), (0, 4), (1, 2), (2, 3), (3, 7), (4, 5), (5, 9), (6, 7), (6, 10), (8, 12), (9, 13), (10, 14), (11, 15), (12, 13), (14, 15))
((0, 1), (0, 4), (1, 2), (2, 3), (3, 7), (4, 5), (5, 9), (6, 7), (6, 10), (8, 12), (10, 11), (11, 15), (12, 13), (13, 14), (14, 15))
((0, 1), (0, 4), (1, 2), (2, 3), (3, 7), (4, 5), (5, 9), (6, 7), (8, 9), (8, 12), (10, 11), (10, 14), (11, 15), (12, 13), (13, 14))
((0, 1), (0, 4), (1, 2), (2, 3), (3, 7), (4, 5), (5, 9), (6, 7), (8, 9), (8, 12), (10, 11), (11, 15), (12, 13), (13, 14), (14, 15))
((0, 1), (0, 4), (1, 2), (2, 3), (3, 7), (4, 5), (5, 9), (6, 7), (8, 12), (9, 10), (10, 11), (11, 15), (12, 13), (13, 14), (14, 15))
((0, 1), (0, 4), (1, 2), (2, 3), (3, 7), (4, 5), (5, 9), (6, 10), (7, 11), (8, 9), (8, 12), (10, 11), (12, 13), (13, 14), (14, 15))
((0, 1), (0, 4), (1, 2), (2, 3), (3, 7), (4, 5), (5, 9), (6, 10), (7, 11), (8, 9), (8, 12), (10, 14), (11, 15), (12, 13), (13, 14))
((0, 1), (0, 4), (1, 2), (2, 3), (3, 7), (4, 5), (5, 9), (6, 10), (7, 11), (8, 9), (8, 12), (10, 14), (11, 15), (12, 13), (14, 15))
((0, 1), (0, 4), (1, 2), (2, 3), (3, 7), (4, 5), (5, 9), (6, 10), (7, 11), (8, 12), (9, 10), (11, 15), (12, 13), (13, 14), (14, 15))
((0, 1), (0, 4), (1, 2), (2, 3), (3, 7), (4, 5), (5, 9), (6, 10), (7, 11), (8, 12), (9, 13), (10, 14), (11, 15), (12, 13), (14, 15))
((0, 1), (0, 4), (1, 2), (2, 3), (3, 7), (4, 5), (5, 9), (6, 10), (8, 9), (8, 12), (10, 11), (11, 15), (12, 13), (13, 14), (14, 15))
((0, 1), (0, 4), (1, 2), (2, 3), (3, 7), (4, 5), (6, 7), (6, 10), (8, 9), (8, 12), (9, 10), (11, 15), (12, 13), (13, 14), (14, 15))
((0, 1), (0, 4), (1, 2), (2, 3), (3, 7), (4, 5), (6, 7), (6, 10), (8, 9), (8, 12), (9, 13), (10, 11), (11, 15), (13, 14), (14, 15))
((0, 1), (0, 4), (1, 2), (2, 3), (3, 7), (4, 5), (6, 7), (6, 10), (8, 9), (8, 12), (10, 11), (11, 15), (12, 13), (13, 14), (14, 15))
((0, 1), (0, 4), (1, 2), (2, 3), (3, 7), (4, 5), (6, 10), (7, 11), (8, 9), (8, 12), (9, 10), (11, 15), (12, 13), (13, 14), (14, 15))
((0, 1), (0, 4), (1, 2), (2, 3), (3, 7), (4, 8), (5, 6), (5, 9), (6, 7), (8, 12), (9, 10), (10, 11), (11, 15), (12, 13), (13, 14))
((0, 1), (0, 4), (1, 2), (2, 3), (3, 7), (4, 8), (5, 6), (5, 9), (6, 7), (8, 12), (9, 10), (10, 11), (11, 15), (12, 13), (14, 15))
((0, 1), (0, 4), (1, 2), (2, 3), (3, 7), (4, 8), (5, 6), (5, 9), (6, 7), (8, 12), (9, 10), (10, 11), (11, 15), (13, 14), (14, 15))
((0, 1), (0, 4), (1, 2), (2, 3), (3, 7), (4, 8), (5, 6), (5, 9), (6, 7), (8, 12), (9, 10), (10, 11), (12, 13), (13, 14), (14, 15))
((0, 1), (0, 4), (1, 2), (2, 3), (3, 7), (4, 8), (5, 6), (5, 9), (6, 7), (8, 12), (9, 10), (10, 14), (11, 15), (12, 13), (14, 15))
((0, 1), (0, 4), (1, 2), (2, 3), (3, 7), (4, 8), (5, 6), (5, 9), (6, 7), (8, 12), (9, 10), (11, 15), (12, 13), (13, 14), (14, 15))
((0, 1), (0, 4), (1, 2), (2, 3), (3, 7), (4, 8), (5, 6), (5, 9), (6, 7), (8, 12), (9, 13), (10, 11), (10, 14), (11, 15), (13, 14))
((0, 1), (0, 4), (1, 2), (2, 3), (3, 7), (4, 8), (5, 6), (5, 9), (6, 7), (8, 12), (9, 13), (10, 11), (11, 15), (13, 14), (14, 15))
((0, 1), (0, 4), (1, 2), (2, 3), (3, 7), (4, 8), (5, 6), (5, 9), (6, 7), (8, 12), (10, 11), (10, 14), (11, 15), (12, 13), (13, 14))
((0, 1), (0, 4), (1, 2), (2, 3), (3, 7), (4, 8), (5, 6), (5, 9), (6, 7), (8, 12), (10, 11), (11, 15), (12, 13), (13, 14), (14, 15))
((0, 1), (0, 4), (1, 2), (2, 3), (3, 7), (4, 8), (5, 6), (5, 9), (6, 7), (9, 10), (10, 11), (11, 15), (12, 13), (13, 14), (14, 15))
((0, 1), (0, 4), (1, 2), (2, 3), (3, 7), (4, 8), (5, 6), (5, 9), (6, 10), (7, 11), (8, 9), (10, 14), (11, 15), (12, 13), (13, 14))
((0, 1), (0, 4), (1, 2), (2, 3), (3, 7), (4, 8), (5, 6), (5, 9), (6, 10), (7, 11), (8, 9), (11, 15), (12, 13), (13, 14), (14, 15))
((0, 1), (0, 4), (1, 2), (2, 3), (3, 7), (4, 8), (5, 6), (5, 9), (6, 10), (7, 11), (8, 12), (9, 13), (10, 11), (13, 14), (14, 15))
((0, 1), (0, 4), (1, 2), (2, 3), (3, 7), (4, 8), (5, 6), (5, 9), (6, 10), (7, 11), (8, 12), (9, 13), (10, 14), (11, 15), (12, 13))
((0, 1), (0, 4), (1, 2), (2, 3), (3, 7), (4, 8), (5, 6), (5, 9), (6, 10), (7, 11), (8, 12), (9, 13), (10, 14), (11, 15), (14, 15))
((0, 1), (0, 4), (1, 2), (2, 3), (3, 7), (4, 8), (5, 6), (5, 9), (6, 10), (7, 11), (8, 12), (9, 13), (10, 14), (12, 13), (14, 15))
((0, 1), (0, 4), (1, 2), (2, 3), (3, 7), (4, 8), (5, 6), (5, 9), (6, 10), (7, 11), (8, 12), (9, 13), (11, 15), (12, 13), (14, 15))
((0, 1), (0, 4), (1, 2), (2, 3), (3, 7), (4, 8), (5, 6), (5, 9), (6, 10), (7, 11), (8, 12), (9, 13), (11, 15), (13, 14), (14, 15))
((0, 1), (0, 4), (1, 2), (2, 3), (3, 7), (4, 8), (5, 6), (5, 9), (6, 10), (7, 11), (8, 12), (10, 11), (12, 13), (13, 14), (14, 15))
((0, 1), (0, 4), (1, 2), (2, 3), (3, 7), (4, 8), (5, 6), (5, 9), (6, 10), (7, 11), (8, 12), (10, 14), (11, 15), (12, 13), (13, 14))
((0, 1), (0, 4), (1, 2), (2, 3), (3, 7), (4, 8), (5, 6), (5, 9), (6, 10), (7, 11), (8, 12), (10, 14), (11, 15), (12, 13), (14, 15))
((0, 1), (0, 4), (1, 2), (2, 3), (3, 7), (4, 8), (5, 6), (5, 9), (6, 10), (7, 11), (9, 13), (10, 14), (11, 15), (12, 13), (14, 15))
((0, 1), (0, 4), (1, 2), (2, 3), (3, 7), (4, 8), (5, 6), (5, 9), (6, 10), (8, 9), (10, 11), (11, 15), (12, 13), (13, 14), (14, 15))
((0, 1), (0, 4), (1, 2), (2, 3), (3, 7), (4, 8), (5, 6), (5, 9), (6, 10), (8, 12), (9, 13), (10, 11), (11, 15), (12, 13), (14, 15))
((0, 1), (0, 4), (1, 2), (2, 3), (3, 7), (4, 8), (5, 6), (5, 9), (6, 10), (8, 12), (9, 13), (10, 14), (11, 15), (12, 13), (14, 15))
((0, 1), (0, 4), (1, 2), (2, 3), (3, 7), (4, 8), (5, 6), (5, 9), (6, 10), (8, 12), (10, 11), (11, 15), (12, 13), (13, 14), (14, 15))
((0, 1), (0, 4), (1, 2), (2, 3), (3, 7), (4, 8), (5, 6), (5, 9), (7, 11), (8, 12), (9, 10), (10, 11), (12, 13), (13, 14), (14, 15))
((0, 1), (0, 4), (1, 2), (2, 3), (3, 7), (4, 8), (5, 6), (5, 9), (7, 11), (8, 12), (9, 10), (10, 14), (11, 15), (12, 13), (13, 14))
((0, 1), (0, 4), (1, 2), (2, 3), (3, 7), (4, 8), (5, 6), (5, 9), (7, 11), (8, 12), (9, 10), (10, 14), (11, 15), (12, 13), (14, 15))
((0, 1), (0, 4), (1, 2), (2, 3), (3, 7), (4, 8), (5, 6), (5, 9), (7, 11), (8, 12), (9, 13), (10, 11), (10, 14), (12, 13), (14, 15))
((0, 1), (0, 4), (1, 2), (2, 3), (3, 7), (4, 8), (5, 6), (5, 9), (7, 11), (8, 12), (9, 13), (10, 14), (11, 15), (12, 13), (14, 15))
((0, 1), (0, 4), (1, 2), (2, 3), (3, 7), (4, 8), (5, 6), (5, 9), (8, 12), (9, 10), (10, 11), (11, 15), (12, 13), (13, 14), (14, 15))
((0, 1), (0, 4), (1, 2), (2, 3), (3, 7), (4, 8), (5, 6), (6, 7), (8, 9), (9, 10), (10, 11), (11, 15), (12, 13), (13, 14), (14, 15))
((0, 1), (0, 4), (1, 2), (2, 3), (3, 7), (4, 8), (5, 6), (6, 7), (8, 12), (9, 10), (9, 13), (10, 11), (11, 15), (12, 13), (14, 15))
((0, 1), (0, 4), (1, 2), (2, 3), (3, 7), (4, 8), (5, 6), (6, 7), (8, 12), (9, 10), (9, 13), (10, 14), (11, 15), (12, 13), (14, 15))
((0, 1), (0, 4), (1, 2), (2, 3), (3, 7), (4, 8), (5, 6), (6, 7), (8, 12), (9, 10), (10, 11), (11, 15), (12, 13), (13, 14), (14, 15))
((0, 1), (0, 4), (1, 2), (2, 3), (3, 7), (4, 8), (5, 6), (6, 10), (7, 11), (8, 9), (9, 10), (11, 15), (12, 13), (13, 14), (14, 15))
((0, 1), (0, 4), (1, 2), (2, 3), (3, 7), (4, 8), (5, 6), (6, 10), (7, 11), (8, 9), (9, 13), (10, 14), (11, 15), (12, 13), (14, 15))
((0, 1), (0, 4), (1, 2), (2, 3), (3, 7), (4, 8), (5, 6), (6, 10), (7, 11), (8, 12), (9, 10), (9, 13), (11, 15), (12, 13), (14, 15))
((0, 1), (0, 4), (1, 2), (2, 3), (3, 7), (4, 8), (5, 6), (6, 10), (7, 11), (8, 12), (9, 10), (9, 13), (11, 15), (13, 14), (14, 15))
((0, 1), (0, 4), (1, 2), (2, 3), (3, 7), (4, 8), (5, 6), (6, 10), (7, 11), (8, 12), (9, 13), (10, 14), (11, 15), (12, 13), (14, 15))
((0, 1), (0, 4), (1, 2), (2, 3), (3, 7), (4, 8), (5, 9), (6, 7), (6, 10), (8, 9), (10, 11), (11, 15), (12, 13), (13, 14), (14, 15))
((0, 1), (0, 4), (1, 2), (2, 3), (3, 7), (4, 8), (5, 9), (6, 7), (6, 10), (8, 12), (9, 10), (11, 15), (12, 13), (13, 14), (14, 15))
((0, 1), (0, 4), (1, 2), (2, 3), (3, 7), (4, 8), (5, 9), (6, 7), (6, 10), (8, 12), (9, 13), (10, 11), (11, 15), (12, 13), (14, 15))
((0, 1), (0, 4), (1, 2), (2, 3), (3, 7), (4, 8), (5, 9), (6, 7), (6, 10), (8, 12), (9, 13), (10, 11), (11, 15), (13, 14), (14, 15))
((0, 1), (0, 4), (1, 2), (2, 3), (3, 7), (4, 8), (5, 9), (6, 7), (6, 10), (8, 12), (9, 13), (10, 14), (11, 15), (12, 13), (14, 15))
((0, 1), (0, 4), (1, 2), (2, 3), (3, 7), (4, 8), (5, 9), (6, 7), (8, 12), (9, 10), (10, 11), (11, 15), (12, 13), (13, 14), (14, 15))
((0, 1), (0, 4), (1, 2), (2, 3), (3, 7), (4, 8), (5, 9), (6, 10), (7, 11), (8, 12), (9, 13), (10, 14), (11, 15), (12, 13), (14, 15))
((0, 1), (0, 4), (1, 2), (2, 3), (3, 7), (5, 6), (5, 9), (6, 7), (8, 9), (8, 12), (10, 11), (10, 14), (11, 15), (12, 13), (13, 14))
((0, 1), (0, 4), (1, 2), (2, 3), (3, 7), (5, 6), (5, 9), (6, 7), (8, 9), (8, 12), (10, 11), (11, 15), (12, 13), (13, 14), (14, 15))
((0, 1), (0, 4), (1, 2), (2, 3), (3, 7), (5, 6), (5, 9), (6, 7), (8, 12), (9, 10), (10, 11), (11, 15), (12, 13), (13, 14), (14, 15))
((0, 1), (0, 4), (1, 2), (2, 3), (3, 7), (5, 6), (5, 9), (6, 10), (7, 11), (8, 9), (8, 12), (10, 11), (12, 13), (13, 14), (14, 15))
((0, 1), (0, 4), (1, 2), (2, 3), (3, 7), (5, 6), (5, 9), (6, 10), (7, 11), (8, 9), (8, 12), (10, 14), (11, 15), (12, 13), (14, 15))
((0, 1), (0, 4), (1, 2), (2, 3), (3, 7), (5, 6), (5, 9), (6, 10), (7, 11), (8, 9), (8, 12), (11, 15), (12, 13), (13, 14), (14, 15))
((0, 1), (0, 4), (1, 2), (2, 3), (3, 7), (5, 6), (5, 9), (6, 10), (7, 11), (8, 12), (9, 13), (10, 14), (11, 15), (12, 13), (14, 15))
((0, 1), (0, 4), (1, 2), (2, 3), (3, 7), (5, 6), (6, 10), (7, 11), (8, 9), (8, 12), (9, 10), (11, 15), (12, 13), (13, 14), (14, 15))
((0, 1), (0, 4), (1, 2), (2, 3), (3, 7), (5, 9), (6, 7), (6, 10), (8, 9), (8, 12), (10, 11), (11, 15), (12, 13), (13, 14), (14, 15))
((0, 1), (0, 4), (1, 2), (2, 3), (4, 5), (5, 6), (6, 7), (7, 11), (8, 9), (8, 12), (9, 10), (10, 11), (12, 13), (13, 14), (14, 15))
((0, 1), (0, 4), (1, 2), (2, 3), (4, 5), (5, 6), (6, 7), (7, 11), (8, 9), (8, 12), (9, 10), (10, 14), (11, 15), (12, 13), (14, 15))
((0, 1), (0, 4), (1, 2), (2, 3), (4, 5), (5, 6), (6, 7), (7, 11), (8, 9), (8, 12), (9, 10), (11, 15), (12, 13), (13, 14), (14, 15))
((0, 1), (0, 4), (1, 2), (2, 3), (4, 5), (5, 6), (6, 7), (7, 11), (8, 12), (9, 10), (9, 13), (10, 14), (11, 15), (12, 13), (14, 15))
((0, 1), (0, 4), (1, 2), (2, 3), (4, 5), (5, 6), (6, 10), (7, 11), (8, 9), (8, 12), (9, 10), (11, 15), (12, 13), (13, 14), (14, 15))
((0, 1), (0, 4), (1, 2), (2, 3), (4, 5), (5, 9), (6, 7), (6, 10), (7, 11), (8, 9), (8, 12), (10, 14), (11, 15), (12, 13), (13, 14))
((0, 1), (0, 4), (1, 2), (2, 3), (4, 5), (5, 9), (6, 7), (6, 10), (7, 11), (8, 9), (8, 12), (11, 15), (12, 13), (13, 14), (14, 15))
((0, 1), (0, 4), (1, 2), (2, 3), (4, 5), (5, 9), (6, 7), (6, 10), (7, 11), (8, 12), (9, 10), (11, 15), (12, 13), (13, 14), (14, 15))
((0, 1), (0, 4), (1, 2), (2, 3), (4, 5), (5, 9), (6, 7), (6, 10), (8, 9), (8, 12), (10, 11), (11, 15), (12, 13), (13, 14), (14, 15))
((0, 1), (0, 4), (1, 2), (2, 3), (4, 8), (5, 6), (5, 9), (6, 7), (7, 11), (8, 12), (9, 10), (10, 14), (11, 15), (12, 13), (13, 14))
((0, 1), (0, 4), (1, 2), (2, 3), (4, 8), (5, 6), (5, 9), (6, 7), (7, 11), (8, 12), (9, 10), (11, 15), (12, 13), (13, 14), (14, 15))
((0, 1), (0, 4), (1, 2), (2, 3), (4, 8), (5, 6), (5, 9), (6, 7), (7, 11), (8, 12), (9, 13), (10, 11), (10, 14), (12, 13), (14, 15))
((0, 1), (0, 4), (1, 2), (2, 3), (4, 8), (5, 6), (5, 9), (6, 7), (7, 11), (8, 12), (9, 13), (10, 14), (11, 15), (12, 13), (14, 15))
((0, 1), (0, 4), (1, 2), (2, 3), (4, 8), (5, 6), (5, 9), (6, 7), (8, 12), (9, 10), (10, 11), (11, 15), (12, 13), (13, 14), (14, 15))
((0, 1), (0, 4), (1, 2), (2, 3), (4, 8), (5, 6), (5, 9), (6, 10), (7, 11), (8, 12), (9, 13), (10, 14), (11, 15), (12, 13), (14, 15))
((0, 1), (0, 4), (1, 2), (2, 3), (4, 8), (5, 6), (6, 7), (7, 11), (8, 12), (9, 10), (9, 13), (10, 14), (11, 15), (12, 13), (14, 15))
((0, 1), (0, 4), (1, 2), (2, 3), (4, 8), (5, 9), (6, 7), (6, 10), (7, 11), (8, 12), (9, 10), (11, 15), (12, 13), (13, 14), (14, 15))
((0, 1), (0, 4), (1, 2), (2, 6), (3, 7), (4, 5), (5, 9), (6, 7), (8, 9), (8, 12), (10, 11), (10, 14), (11, 15), (12, 13), (13, 14))
((0, 1), (0, 4), (1, 2), (2, 6), (3, 7), (4, 5), (5, 9), (6, 7), (8, 9), (8, 12), (10, 11), (11, 15), (12, 13), (13, 14), (14, 15))
((0, 1), (0, 4), (1, 2), (2, 6), (3, 7), (4, 5), (5, 9), (6, 7), (8, 12), (9, 10), (10, 11), (11, 15), (12, 13), (13, 14), (14, 15))
((0, 1), (0, 4), (1, 2), (2, 6), (3, 7), (4, 5), (5, 9), (6, 10), (7, 11), (8, 9), (8, 12), (10, 11), (12, 13), (13, 14), (14, 15))
((0, 1), (0, 4), (1, 2), (2, 6), (3, 7), (4, 5), (5, 9), (6, 10), (7, 11), (8, 9), (8, 12), (10, 14), (11, 15), (12, 13), (14, 15))
((0, 1), (0, 4), (1, 2), (2, 6), (3, 7), (4, 5), (5, 9), (6, 10), (7, 11), (8, 9), (8, 12), (11, 15), (12, 13), (13, 14), (14, 15))
((0, 1), (0, 4), (1, 2), (2, 6), (3, 7), (4, 5), (5, 9), (6, 10), (7, 11), (8, 12), (9, 13), (10, 14), (11, 15), (12, 13), (14, 15))
((0, 1), (0, 4), (1, 2), (2, 6), (3, 7), (4, 5), (6, 10), (7, 11), (8, 9), (8, 12), (9, 10), (11, 15), (12, 13), (13, 14), (14, 15))
((0, 1), (0, 4), (1, 2), (2, 6), (3, 7), (4, 8), (5, 6), (5, 9), (7, 11), (8, 12), (9, 10), (10, 11), (12, 13), (13, 14), (14, 15))
((0, 1), (0, 4), (1, 2), (2, 6), (3, 7), (4, 8), (5, 6), (5, 9), (7, 11), (8, 12), (9, 10), (10, 14), (11, 15), (12, 13), (14, 15))
((0, 1), (0, 4), (1, 2), (2, 6), (3, 7), (4, 8), (5, 6), (5, 9), (7, 11), (8, 12), (9, 10), (11, 15), (12, 13), (13, 14), (14, 15))
((0, 1), (0, 4), (1, 2), (2, 6), (3, 7), (4, 8), (5, 6), (7, 11), (8, 12), (9, 10), (9, 13), (10, 14), (11, 15), (12, 13), (14, 15))
((0, 1), (0, 4), (1, 2), (2, 6), (3, 7), (4, 8), (5, 9), (6, 7), (8, 12), (9, 10), (10, 11), (11, 15), (12, 13), (13, 14), (14, 15))
((0, 1), (0, 4), (1, 2), (2, 6), (3, 7), (4, 8), (5, 9), (6, 10), (7, 11), (8, 12), (9, 10), (11, 15), (12, 13), (13, 14), (14, 15))
((0, 1), (0, 4), (1, 2), (2, 6), (3, 7), (4, 8), (5, 9), (6, 10), (7, 11), (8, 12), (9, 13), (10, 14), (11, 15), (12, 13), (14, 15))
((0, 1), (0, 4), (1, 2), (3, 7), (4, 5), (5, 6), (6, 10), (7, 11), (8, 9), (8, 12), (9, 10), (11, 15), (12, 13), (13, 14), (14, 15))
((0, 1), (0, 4), (1, 2), (3, 7), (4, 5), (5, 9), (6, 7), (6, 10), (8, 9), (8, 12), (10, 11), (11, 15), (12, 13), (13, 14), (14, 15))
((0, 1), (0, 4), (1, 2), (3, 7), (4, 8), (5, 6), (5, 9), (6, 7), (8, 12), (9, 10), (10, 11), (11, 15), (12, 13), (13, 14), (14, 15))
((0, 1), (0, 4), (1, 2), (3, 7), (4, 8), (5, 6), (5, 9), (6, 10), (7, 11), (8, 12), (9, 13), (10, 14), (11, 15), (12, 13), (14, 15))
((0, 1), (0, 4), (1, 5), (2, 3), (2, 6), (3, 7), (4, 8), (5, 6), (7, 11), (8, 9), (9, 10), (10, 14), (11, 15), (12, 13), (13, 14))
((0, 1), (0, 4), (1, 5), (2, 3), (2, 6), (3, 7), (4, 8), (5, 6), (7, 11), (8, 9), (9, 10), (11, 15), (12, 13), (13, 14), (14, 15))
((0, 1), (0, 4), (1, 5), (2, 3), (2, 6), (3, 7), (4, 8), (5, 6), (7, 11), (8, 9), (9, 13), (10, 11), (10, 14), (12, 13), (14, 15))
((0, 1), (0, 4), (1, 5), (2, 3), (2, 6), (3, 7), (4, 8), (5, 6), (7, 11), (8, 9), (9, 13), (10, 14), (11, 15), (12, 13), (14, 15))
((0, 1), (0, 4), (1, 5), (2, 3), (2, 6), (3, 7), (4, 8), (5, 6), (7, 11), (8, 12), (9, 10), (9, 13), (10, 11), (13, 14), (14, 15))
((0, 1), (0, 4), (1, 5), (2, 3), (2, 6), (3, 7), (4, 8), (5, 6), (7, 11), (8, 12), (9, 10), (9, 13), (10, 14), (11, 15), (12, 13))
((0, 1), (0, 4), (1, 5), (2, 3), (2, 6), (3, 7), (4, 8), (5, 6), (7, 11), (8, 12), (9, 10), (9, 13), (10, 14), (11, 15), (14, 15))
((0, 1), (0, 4), (1, 5), (2, 3), (2, 6), (3, 7), (4, 8), (5, 6), (7, 11), (8, 12), (9, 10), (9, 13), (10, 14), (12, 13), (14, 15))
((0, 1), (0, 4), (1, 5), (2, 3), (2, 6), (3, 7), (4, 8), (5, 6), (7, 11), (8, 12), (9, 10), (9, 13), (11, 15), (12, 13), (14, 15))
((0, 1), (0, 4), (1, 5), (2, 3), (2, 6), (3, 7), (4, 8), (5, 6), (7, 11), (8, 12), (9, 10), (9, 13), (11, 15), (13, 14), (14, 15))
((0, 1), (0, 4), (1, 5), (2, 3), (2, 6), (3, 7), (4, 8), (5, 6), (7, 11), (8, 12), (9, 10), (10, 11), (12, 13), (13, 14), (14, 15))
((0, 1), (0, 4), (1, 5), (2, 3), (2, 6), (3, 7), (4, 8), (5, 6), (7, 11), (8, 12), (9, 10), (10, 14), (11, 15), (12, 13), (13, 14))
((0, 1), (0, 4), (1, 5), (2, 3), (2, 6), (3, 7), (4, 8), (5, 6), (7, 11), (8, 12), (9, 10), (10, 14), (11, 15), (12, 13), (14, 15))
((0, 1), (0, 4), (1, 5), (2, 3), (2, 6), (3, 7), (4, 8), (5, 6), (7, 11), (8, 12), (9, 13), (10, 11), (10, 14), (12, 13), (14, 15))
((0, 1), (0, 4), (1, 5), (2, 3), (2, 6), (3, 7), (4, 8), (5, 6), (7, 11), (8, 12), (9, 13), (10, 14), (11, 15), (12, 13), (14, 15))
((0, 1), (0, 4), (1, 5), (2, 3), (2, 6), (3, 7), (4, 8), (5, 6), (7, 11), (9, 10), (9, 13), (10, 14), (11, 15), (12, 13), (14, 15))
((0, 1), (0, 4), (1, 5), (2, 3), (2, 6), (3, 7), (4, 8), (5, 6), (8, 9), (9, 10), (10, 11), (11, 15), (12, 13), (13, 14), (14, 15))
((0, 1), (0, 4), (1, 5), (2, 3), (2, 6), (3, 7), (4, 8), (5, 6), (8, 12), (9, 10), (9, 13), (10, 11), (11, 15), (12, 13), (14, 15))
((0, 1), (0, 4), (1, 5), (2, 3), (2, 6), (3, 7), (4, 8), (5, 6), (8, 12), (9, 10), (9, 13), (10, 14), (11, 15), (12, 13), (14, 15))
((0, 1), (0, 4), (1, 5), (2, 3), (2, 6), (3, 7), (4, 8), (5, 6), (8, 12), (9, 10), (10, 11), (11, 15), (12, 13), (13, 14), (14, 15))
((0, 1), (0, 4), (1, 5), (2, 3), (2, 6), (3, 7), (4, 8), (5, 9), (6, 10), (7, 11), (8, 12), (9, 10), (11, 15), (12, 13), (13, 14))
((0, 1), (0, 4), (1, 5), (2, 3), (2, 6), (3, 7), (4, 8), (5, 9), (6, 10), (7, 11), (8, 12), (9, 10), (11, 15), (12, 13), (14, 15))
((0, 1), (0, 4), (1, 5), (2, 3), (2, 6), (3, 7), (4, 8), (5, 9), (6, 10), (7, 11), (8, 12), (9, 10), (11, 15), (13, 14), (14, 15))
((0, 1), (0, 4), (1, 5), (2, 3), (2, 6), (3, 7), (4, 8), (5, 9), (6, 10), (7, 11), (8, 12), (9, 10), (12, 13), (13, 14), (14, 15))
((0, 1), (0, 4), (1, 5), (2, 3), (2, 6), (3, 7), (4, 8), (5, 9), (6, 10), (7, 11), (8, 12), (9, 13), (10, 14), (11, 15), (13, 14))
((0, 1), (0, 4), (1, 5), (2, 3), (2, 6), (3, 7), (4, 8), (5, 9), (6, 10), (7, 11), (8, 12), (9, 13), (11, 15), (13, 14), (14, 15))
((0, 1), (0, 4), (1, 5), (2, 3), (2, 6), (3, 7), (4, 8), (5, 9), (6, 10), (7, 11), (8, 12), (10, 14), (11, 15), (12, 13), (13, 14))
((0, 1), (0, 4), (1, 5), (2, 3), (2, 6), (3, 7), (4, 8), (5, 9), (6, 10), (7, 11), (8, 12), (11, 15), (12, 13), (13, 14), (14, 15))
((0, 1), (0, 4), (1, 5), (2, 3), (2, 6), (3, 7), (4, 8), (5, 9), (6, 10), (7, 11), (9, 10), (11, 15), (12, 13), (13, 14), (14, 15))
((0, 1), (0, 4), (1, 5), (2, 3), (2, 6), (3, 7), (4, 8), (5, 9), (6, 10), (8, 12), (9, 10), (11, 15), (12, 13), (13, 14), (14, 15))
((0, 1), (0, 4), (1, 5), (2, 3), (2, 6), (3, 7), (4, 8), (5, 9), (6, 10), (8, 12), (9, 13), (10, 11), (11, 15), (13, 14), (14, 15))
((0, 1), (0, 4), (1, 5), (2, 3), (2, 6), (3, 7), (4, 8), (5, 9), (6, 10), (8, 12), (10, 11), (11, 15), (12, 13), (13, 14), (14, 15))
((0, 1), (0, 4), (1, 5), (2, 3), (2, 6), (3, 7), (4, 8), (5, 9), (7, 11), (8, 12), (9, 10), (10, 11), (12, 13), (13, 14), (14, 15))
((0, 1), (0, 4), (1, 5), (2, 3), (2, 6), (3, 7), (4, 8), (5, 9), (7, 11), (8, 12), (9, 10), (10, 14), (11, 15), (12, 13), (14, 15))
((0, 1), (0, 4), (1, 5), (2, 3), (2, 6), (3, 7), (4, 8), (5, 9), (7, 11), (8, 12), (9, 10), (11, 15), (12, 13), (13, 14), (14, 15))
((0, 1), (0, 4), (1, 5), (2, 3), (2, 6), (3, 7), (4, 8), (6, 10), (7, 11), (8, 9), (9, 10), (11, 15), (12, 13), (13, 14), (14, 15))
((0, 1), (0, 4), (1, 5), (2, 3), (2, 6), (3, 7), (4, 8), (6, 10), (7, 11), (8, 12), (9, 10), (9, 13), (11, 15), (12, 13), (14, 15))
((0, 1), (0, 4), (1, 5), (2, 3), (2, 6), (3, 7), (4, 8), (6, 10), (7, 11), (8, 12), (9, 10), (11, 15), (12, 13), (13, 14), (14, 15))
((0, 1), (0, 4), (1, 5), (2, 3), (2, 6), (3, 7), (4, 8), (7, 11), (8, 12), (9, 10), (9, 13), (10, 14), (11, 15), (12, 13), (14, 15))
((0, 1), (0, 4), (1, 5), (2, 3), (2, 6), (3, 7), (5, 6), (7, 11), (8, 9), (8, 12), (9, 10), (10, 11), (12, 13), (13, 14), (14, 15))
((0, 1), (0, 4), (1, 5), (2, 3), (2, 6), (3, 7), (5, 6), (7, 11), (8, 9), (8, 12), (9, 10), (10, 14), (11, 15), (12, 13), (14, 15))
((0, 1), (0, 4), (1, 5), (2, 3), (2, 6), (3, 7), (5, 6), (7, 11), (8, 9), (8, 12), (9, 10), (11, 15), (12, 13), (13, 14), (14, 15))
((0, 1), (0, 4), (1, 5), (2, 3), (2, 6), (3, 7), (5, 6), (7, 11), (8, 12), (9, 10), (9, 13), (10, 14), (11, 15), (12, 13), (14, 15))
((0, 1), (0, 4), (1, 5), (2, 3), (2, 6), (3, 7), (5, 9), (6, 10), (7, 11), (8, 9), (8, 12), (10, 14), (11, 15), (12, 13), (13, 14))
((0, 1), (0, 4), (1, 5), (2, 3), (2, 6), (3, 7), (5, 9), (6, 10), (7, 11), (8, 9), (8, 12), (11, 15), (12, 13), (13, 14), (14, 15))
((0, 1), (0, 4), (1, 5), (2, 3), (2, 6), (3, 7), (5, 9), (6, 10), (7, 11), (8, 12), (9, 10), (11, 15), (12, 13), (13, 14), (14, 15))
((0, 1), (0, 4), (1, 5), (2, 3), (2, 6), (3, 7), (5, 9), (6, 10), (8, 9), (8, 12), (10, 11), (11, 15), (12, 13), (13, 14), (14, 15))
((0, 1), (0, 4), (1, 5), (2, 3), (2, 6), (4, 8), (5, 6), (7, 11), (8, 12), (9, 10), (9, 13), (10, 14), (11, 15), (12, 13), (14, 15))
((0, 1), (0, 4), (1, 5), (2, 3), (2, 6), (4, 8), (5, 9), (6, 7), (7, 11), (8, 12), (9, 10), (10, 11), (12, 13), (13, 14), (14, 15))
((0, 1), (0, 4), (1, 5), (2, 3), (2, 6), (4, 8), (5, 9), (6, 7), (7, 11), (8, 12), (9, 10), (10, 14), (11, 15), (12, 13), (14, 15))
((0, 1), (0, 4), (1, 5), (2, 3), (2, 6), (4, 8), (5, 9), (6, 7), (7, 11), (8, 12), (9, 10), (11, 15), (12, 13), (13, 14), (14, 15))
((0, 1), (0, 4), (1, 5), (2, 3), (2, 6), (4, 8), (5, 9), (6, 10), (7, 11), (8, 12), (9, 10), (11, 15), (12, 13), (13, 14), (14, 15))
((0, 1), (0, 4), (1, 5), (2, 3), (2, 6), (4, 8), (6, 7), (7, 11), (8, 12), (9, 10), (9, 13), (10, 14), (11, 15), (12, 13), (14, 15))
((0, 1), (0, 4), (1, 5), (2, 3), (3, 7), (4, 8), (5, 6), (6, 7), (8, 9), (9, 10), (10, 11), (11, 15), (12, 13), (13, 14), (14, 15))
((0, 1), (0, 4), (1, 5), (2, 3), (3, 7), (4, 8), (5, 6), (6, 7), (8, 12), (9, 10), (9, 13), (10, 11), (11, 15), (12, 13), (14, 15))
((0, 1), (0, 4), (1, 5), (2, 3), (3, 7), (4, 8), (5, 6), (6, 7), (8, 12), (9, 10), (9, 13), (10, 14), (11, 15), (12, 13), (14, 15))
((0, 1), (0, 4), (1, 5), (2, 3), (3, 7), (4, 8), (5, 6), (6, 7), (8, 12), (9, 10), (10, 11), (11, 15), (12, 13), (13, 14), (14, 15))
((0, 1), (0, 4), (1, 5), (2, 3), (3, 7), (4, 8), (5, 6), (6, 10), (7, 11), (8, 9), (9, 13), (10, 14), (11, 15), (12, 13), (14, 15))
((0, 1), (0, 4), (1, 5), (2, 3), (3, 7), (4, 8), (5, 6), (6, 10), (7, 11), (8, 12), (9, 10), (9, 13), (11, 15), (13, 14), (14, 15))
((0, 1), (0, 4), (1, 5), (2, 3), (3, 7), (4, 8), (5, 6), (6, 10), (7, 11), (8, 12), (9, 10), (11, 15), (12, 13), (13, 14), (14, 15))
((0, 1), (0, 4), (1, 5), (2, 3), (3, 7), (4, 8), (5, 6), (6, 10), (7, 11), (8, 12), (9, 13), (10, 14), (11, 15), (12, 13), (14, 15))
((0, 1), (0, 4), (1, 5), (2, 3), (3, 7), (4, 8), (5, 6), (7, 11), (8, 12), (9, 10), (9, 13), (10, 14), (11, 15), (12, 13), (14, 15))
((0, 1), (0, 4), (1, 5), (2, 3), (3, 7), (4, 8), (5, 9), (6, 7), (6, 10), (8, 12), (9, 10), (11, 15), (12, 13), (13, 14), (14, 15))
((0, 1), (0, 4), (1, 5), (2, 3), (3, 7), (4, 8), (5, 9), (6, 7), (6, 10), (8, 12), (9, 13), (10, 11), (11, 15), (13, 14), (14, 15))
((0, 1), (0, 4), (1, 5), (2, 3), (3, 7), (4, 8), (5, 9), (6, 7), (6, 10), (8, 12), (10, 11), (11, 15), (12, 13), (13, 14), (14, 15))
((0, 1), (0, 4), (1, 5), (2, 3), (3, 7), (4, 8), (5, 9), (6, 10), (7, 11), (8, 12), (9, 10), (11, 15), (12, 13), (13, 14), (14, 15))
((0, 1), (0, 4), (1, 5), (2, 3), (3, 7), (5, 6), (6, 10), (7, 11), (8, 9), (8, 12), (9, 10), (11, 15), (12, 13), (13, 14), (14, 15))
((0, 1), (0, 4), (1, 5), (2, 3), (3, 7), (5, 9), (6, 7), (6, 10), (8, 9), (8, 12), (10, 11), (11, 15), (12, 13), (13, 14), (14, 15))
((0, 1), (0, 4), (1, 5), (2, 6), (3, 7), (4, 8), (5, 6), (7, 11), (8, 12), (9, 10), (9, 13), (10, 14), (11, 15), (12, 13), (14, 15))
((0, 1), (0, 4), (1, 5), (2, 6), (3, 7), (4, 8), (5, 9), (6, 10), (7, 11), (8, 12), (9, 10), (11, 15), (12, 13), (13, 14), (14, 15))
((0, 1), (0, 4), (2, 3), (2, 6), (3, 7), (4, 5), (5, 6), (7, 11), (8, 9), (8, 12), (9, 10), (10, 11), (12, 13), (13, 14), (14, 15))
((0, 1), (0, 4), (2, 3), (2, 6), (3, 7), (4, 5), (5, 6), (7, 11), (8, 9), (8, 12), (9, 10), (10, 14), (11, 15), (12, 13), (14, 15))
((0, 1), (0, 4), (2, 3), (2, 6), (3, 7), (4, 5), (5, 6), (7, 11), (8, 9), (8, 12), (9, 10), (11, 15), (12, 13), (13, 14), (14, 15))
((0, 1), (0, 4), (2, 3), (2, 6), (3, 7), (4, 5), (5, 6), (7, 11), (8, 12), (9, 10), (9, 13), (10, 14), (11, 15), (12, 13), (14, 15))
((0, 1), (0, 4), (2, 3), (2, 6), (3, 7), (4, 5), (5, 9), (6, 10), (7, 11), (8, 9), (8, 12), (10, 14), (11, 15), (12, 13), (13, 14))
((0, 1), (0, 4), (2, 3), (2, 6), (3, 7), (4, 5), (5, 9), (6, 10), (7, 11), (8, 9), (8, 12), (11, 15), (12, 13), (13, 14), (14, 15))
((0, 1), (0, 4), (2, 3), (2, 6), (3, 7), (4, 5), (5, 9), (6, 10), (7, 11), (8, 12), (9, 10), (11, 15), (12, 13), (13, 14), (14, 15))
((0, 1), (0, 4), (2, 3), (2, 6), (3, 7), (4, 5), (5, 9), (6, 10), (8, 9), (8, 12), (10, 11), (11, 15), (12, 13), (13, 14), (14, 15))
((0, 1), (0, 4), (2, 3), (2, 6), (3, 7), (4, 8), (5, 6), (5, 9), (7, 11), (8, 12), (9, 10), (10, 14), (11, 15), (12, 13), (13, 14))
((0, 1), (0, 4), (2, 3), (2, 6), (3, 7), (4, 8), (5, 6), (5, 9), (7, 11), (8, 12), (9, 10), (11, 15), (12, 13), (13, 14), (14, 15))
((0, 1), (0, 4), (2, 3), (2, 6), (3, 7), (4, 8), (5, 6), (5, 9), (7, 11), (8, 12), (9, 13), (10, 11), (10, 14), (12, 13), (14, 15))
((0, 1), (0, 4), (2, 3), (2, 6), (3, 7), (4, 8), (5, 6), (5, 9), (7, 11), (8, 12), (9, 13), (10, 14), (11, 15), (12, 13), (14, 15))
((0, 1), (0, 4), (2, 3), (2, 6), (3, 7), (4, 8), (5, 6), (5, 9), (8, 12), (9, 10), (10, 11), (11, 15), (12, 13), (13, 14), (14, 15))
((0, 1), (0, 4), (2, 3), (2, 6), (3, 7), (4, 8), (5, 6), (7, 11), (8, 12), (9, 10), (9, 13), (10, 14), (11, 15), (12, 13), (14, 15))
((0, 1), (0, 4), (2, 3), (2, 6), (3, 7), (4, 8), (5, 9), (6, 10), (7, 11), (8, 12), (9, 10), (11, 15), (12, 13), (13, 14), (14, 15))
((0, 1), (0, 4), (2, 3), (3, 7), (4, 5), (5, 6), (6, 10), (7, 11), (8, 9), (8, 12), (9, 10), (11, 15), (12, 13), (13, 14), (14, 15))
((0, 1), (0, 4), (2, 3), (3, 7), (4, 5), (5, 9), (6, 7), (6, 10), (8, 9), (8, 12), (10, 11), (11, 15), (12, 13), (13, 14), (14, 15))
((0, 1), (0, 4), (2, 3), (3, 7), (4, 8), (5, 6), (5, 9), (6, 7), (8, 12), (9, 10), (10, 11), (11, 15), (12, 13), (13, 14), (14, 15))
((0, 1), (0, 4), (2, 3), (3, 7), (4, 8), (5, 6), (5, 9), (6, 10), (7, 11), (8, 12), (9, 13), (10, 14), (11, 15), (12, 13), (14, 15))
((0, 1), (1, 2), (2, 3), (3, 7), (4, 5), (4, 8), (5, 6), (6, 7), (8, 9), (9, 10), (10, 11), (11, 15), (12, 13), (13, 14), (14, 15))
((0, 1), (1, 2), (2, 3), (3, 7), (4, 5), (4, 8), (5, 6), (6, 7), (8, 12), (9, 10), (9, 13), (10, 11), (11, 15), (12, 13), (14, 15))
((0, 1), (1, 2), (2, 3), (3, 7), (4, 5), (4, 8), (5, 6), (6, 7), (8, 12), (9, 10), (9, 13), (10, 14), (11, 15), (12, 13), (14, 15))
((0, 1), (1, 2), (2, 3), (3, 7), (4, 5), (4, 8), (5, 6), (6, 7), (8, 12), (9, 10), (10, 11), (11, 15), (12, 13), (13, 14), (14, 15))
((0, 1), (1, 2), (2, 3), (3, 7), (4, 5), (4, 8), (5, 6), (6, 10), (7, 11), (8, 9), (9, 13), (10, 14), (11, 15), (12, 13), (14, 15))
((0, 1), (1, 2), (2, 3), (3, 7), (4, 5), (4, 8), (5, 6), (6, 10), (7, 11), (8, 12), (9, 10), (9, 13), (11, 15), (13, 14), (14, 15))
((0, 1), (1, 2), (2, 3), (3, 7), (4, 5), (4, 8), (5, 6), (6, 10), (7, 11), (8, 12), (9, 10), (11, 15), (12, 13), (13, 14), (14, 15))
((0, 1), (1, 2), (2, 3), (3, 7), (4, 5), (4, 8), (5, 6), (6, 10), (7, 11), (8, 12), (9, 13), (10, 14), (11, 15), (12, 13), (14, 15))
((0, 1), (1, 2), (2, 3), (3, 7), (4, 5), (4, 8), (5, 6), (7, 11), (8, 12), (9, 10), (9, 13), (10, 14), (11, 15), (12, 13), (14, 15))
((0, 1), (1, 2), (2, 3), (3, 7), (4, 5), (4, 8), (5, 9), (6, 7), (6, 10), (8, 12), (9, 10), (11, 15), (12, 13), (13, 14), (14, 15))
((0, 1), (1, 2), (2, 3), (3, 7), (4, 5), (4, 8), (5, 9), (6, 7), (6, 10), (8, 12), (9, 13), (10, 11), (11, 15), (13, 14), (14, 15))
((0, 1), (1, 2), (2, 3), (3, 7), (4, 5), (4, 8), (5, 9), (6, 7), (6, 10), (8, 12), (10, 11), (11, 15), (12, 13), (13, 14), (14, 15))
((0, 1), (1, 2), (2, 3), (3, 7), (4, 5), (4, 8), (5, 9), (6, 10), (7, 11), (8, 12), (9, 10), (11, 15), (12, 13), (13, 14), (14, 15))
((0, 1), (1, 2), (2, 3), (3, 7), (4, 5), (5, 6), (6, 10), (7, 11), (8, 9), (8, 12), (9, 10), (11, 15), (12, 13), (13, 14), (14, 15))
((0, 1), (1, 2), (2, 3), (3, 7), (4, 5), (5, 9), (6, 7), (6, 10), (8, 9), (8, 12), (10, 11), (11, 15), (12, 13), (13, 14), (14, 15))
((0, 1), (1, 2), (2, 3), (3, 7), (4, 8), (5, 6), (5, 9), (6, 7), (8, 12), (9, 10), (10, 11), (11, 15), (12, 13), (13, 14), (14, 15))
((0, 1), (1, 2), (2, 3), (3, 7), (4, 8), (5, 6), (5, 9), (6, 10), (7, 11), (8, 12), (9, 13), (10, 14), (11, 15), (12, 13), (14, 15))
((0, 1), (1, 2), (2, 6), (3, 7), (4, 5), (4, 8), (5, 6), (7, 11), (8, 12), (9, 10), (9, 13), (10, 14), (11, 15), (12, 13), (14, 15))
((0, 1), (1, 2), (2, 6), (3, 7), (4, 5), (4, 8), (5, 9), (6, 10), (7, 11), (8, 12), (9, 10), (11, 15), (12, 13), (13, 14), (14, 15))
((0, 1), (1, 5), (2, 3), (2, 6), (3, 7), (4, 5), (4, 8), (6, 10), (7, 11), (8, 9), (9, 10), (11, 15), (12, 13), (13, 14), (14, 15))
((0, 1), (1, 5), (2, 3), (2, 6), (3, 7), (4, 5), (4, 8), (6, 10), (7, 11), (8, 12), (9, 10), (9, 13), (11, 15), (12, 13), (14, 15))
((0, 1), (1, 5), (2, 3), (2, 6), (3, 7), (4, 5), (4, 8), (6, 10), (7, 11), (8, 12), (9, 10), (11, 15), (12, 13), (13, 14), (14, 15))
((0, 1), (1, 5), (2, 3), (2, 6), (3, 7), (4, 5), (4, 8), (7, 11), (8, 12), (9, 10), (9, 13), (10, 14), (11, 15), (12, 13), (14, 15))
((0, 1), (1, 5), (2, 3), (2, 6), (3, 7), (4, 8), (5, 6), (7, 11), (8, 12), (9, 10), (9, 13), (10, 14), (11, 15), (12, 13), (14, 15))
((0, 1), (1, 5), (2, 3), (2, 6), (3, 7), (4, 8), (5, 9), (6, 10), (7, 11), (8, 12), (9, 10), (11, 15), (12, 13), (13, 14), (14, 15))
((0, 1), (1, 5), (2, 3), (2, 6), (4, 5), (4, 8), (6, 7), (7, 11), (8, 12), (9, 10), (9, 13), (10, 14), (11, 15), (12, 13), (14, 15))
((0, 4), (1, 2), (1, 5), (2, 3), (3, 7), (4, 5), (6, 7), (6, 10), (8, 9), (8, 12), (9, 10), (11, 15), (12, 13), (13, 14), (14, 15))
((0, 4), (1, 2), (1, 5), (2, 3), (3, 7), (4, 5), (6, 7), (6, 10), (8, 9), (8, 12), (9, 13), (10, 11), (11, 15), (13, 14), (14, 15))
((0, 4), (1, 2), (1, 5), (2, 3), (3, 7), (4, 5), (6, 7), (6, 10), (8, 9), (8, 12), (10, 11), (11, 15), (12, 13), (13, 14), (14, 15))
((0, 4), (1, 2), (1, 5), (2, 3), (3, 7), (4, 5), (6, 10), (7, 11), (8, 9), (8, 12), (9, 10), (11, 15), (12, 13), (13, 14), (14, 15))
((0, 4), (1, 2), (1, 5), (2, 3), (3, 7), (4, 8), (5, 6), (6, 10), (7, 11), (8, 9), (9, 10), (11, 15), (12, 13), (13, 14), (14, 15))
((0, 4), (1, 2), (1, 5), (2, 3), (3, 7), (4, 8), (5, 6), (6, 10), (7, 11), (8, 12), (9, 10), (9, 13), (11, 15), (12, 13), (14, 15))
((0, 4), (1, 2), (1, 5), (2, 3), (3, 7), (4, 8), (5, 6), (6, 10), (7, 11), (8, 12), (9, 10), (11, 15), (12, 13), (13, 14), (14, 15))
((0, 4), (1, 2), (1, 5), (2, 3), (3, 7), (4, 8), (5, 6), (7, 11), (8, 12), (9, 10), (9, 13), (10, 14), (11, 15), (12, 13), (14, 15))
((0, 4), (1, 2), (1, 5), (2, 3), (3, 7), (4, 8), (5, 9), (6, 7), (6, 10), (8, 9), (10, 11), (11, 15), (12, 13), (13, 14), (14, 15))
((0, 4), (1, 2), (1, 5), (2, 3), (3, 7), (4, 8), (5, 9), (6, 7), (6, 10), (8, 12), (9, 13), (10, 11), (11, 15), (12, 13), (14, 15))
((0, 4), (1, 2), (1, 5), (2, 3), (3, 7), (4, 8), (5, 9), (6, 7), (6, 10), (8, 12), (9, 13), (10, 14), (11, 15), (12, 13), (14, 15))
((0, 4), (1, 2), (1, 5), (2, 3), (3, 7), (4, 8), (5, 9), (6, 7), (6, 10), (8, 12), (10, 11), (11, 15), (12, 13), (13, 14), (14, 15))
((0, 4), (1, 2), (1, 5), (2, 3), (3, 7), (4, 8), (5, 9), (6, 7), (8, 12), (9, 10), (10, 11), (11, 15), (12, 13), (13, 14), (14, 15))
((0, 4), (1, 2), (1, 5), (2, 3), (3, 7), (4, 8), (5, 9), (6, 10), (7, 11), (8, 12), (9, 10), (11, 15), (12, 13), (13, 14), (14, 15))
((0, 4), (1, 2), (1, 5), (2, 3), (3, 7), (4, 8), (5, 9), (6, 10), (7, 11), (8, 12), (9, 13), (10, 14), (11, 15), (12, 13), (14, 15))
((0, 4), (1, 2), (1, 5), (2, 3), (4, 8), (5, 6), (6, 7), (7, 11), (8, 12), (9, 10), (9, 13), (10, 14), (11, 15), (12, 13), (14, 15))
((0, 4), (1, 2), (1, 5), (2, 3), (4, 8), (5, 9), (6, 7), (6, 10), (7, 11), (8, 12), (9, 10), (11, 15), (12, 13), (13, 14), (14, 15))
((0, 4), (1, 2), (1, 5), (2, 6), (3, 7), (4, 5), (6, 10), (7, 11), (8, 9), (8, 12), (9, 10), (11, 15), (12, 13), (13, 14), (14, 15))
((0, 4), (1, 2), (1, 5), (2, 6), (3, 7), (4, 8), (5, 9), (6, 7), (8, 12), (9, 10), (10, 11), (11, 15), (12, 13), (13, 14), (14, 15))
((0, 4), (1, 2), (1, 5), (2, 6), (3, 7), (4, 8), (5, 9), (6, 10), (7, 11), (8, 12), (9, 13), (10, 14), (11, 15), (12, 13), (14, 15))
((0, 4), (1, 2), (2, 3), (3, 7), (4, 5), (5, 6), (6, 10), (7, 11), (8, 9), (8, 12), (9, 10), (11, 15), (12, 13), (13, 14), (14, 15))
((0, 4), (1, 2), (2, 3), (3, 7), (4, 5), (5, 9), (6, 7), (6, 10), (8, 9), (8, 12), (10, 11), (11, 15), (12, 13), (13, 14), (14, 15))
((0, 4), (1, 2), (2, 3), (3, 7), (4, 8), (5, 6), (5, 9), (6, 7), (8, 12), (9, 10), (10, 11), (11, 15), (12, 13), (13, 14), (14, 15))
((0, 4), (1, 2), (2, 3), (3, 7), (4, 8), (5, 6), (5, 9), (6, 10), (7, 11), (8, 12), (9, 13), (10, 14), (11, 15), (12, 13), (14, 15))
((0, 4), (1, 5), (2, 3), (2, 6), (3, 7), (4, 8), (5, 6), (7, 11), (8, 12), (9, 10), (9, 13), (10, 14), (11, 15), (12, 13), (14, 15))
((0, 4), (1, 5), (2, 3), (2, 6), (3, 7), (4, 8), (5, 9), (6, 10), (7, 11), (8, 12), (9, 10), (11, 15), (12, 13), (13, 14), (14, 15))

16 links:

((0, 1), (0, 4), (1, 2), (2, 3), (3, 7), (4, 5), (5, 6), (6, 10), (7, 11), (8, 9), (8, 12), (9, 10), (11, 15), (12, 13), (13, 14), (14, 15))
((0, 1), (0, 4), (1, 2), (2, 3), (3, 7), (4, 5), (5, 6), (6, 10), (7, 11), (8, 9), (8, 12), (9, 10), (11, 15), (12, 13), (13, 14), (14, 15))
((0, 1), (0, 4), (1, 2), (2, 3), (3, 7), (4, 5), (5, 9), (6, 7), (6, 10), (8, 9), (8, 12), (10, 11), (11, 15), (12, 13), (13, 14), (14, 15))
((0, 1), (0, 4), (1, 2), (2, 3), (3, 7), (4, 8), (5, 6), (5, 9), (6, 7), (8, 12), (9, 10), (10, 11), (11, 15), (12, 13), (13, 14), (14, 15))
((0, 1), (0, 4), (1, 2), (2, 3), (3, 7), (4, 8), (5, 6), (5, 9), (6, 10), (7, 11), (8, 12), (9, 13), (10, 14), (11, 15), (12, 13), (14, 15))
((0, 1), (0, 4), (1, 5), (2, 3), (2, 6), (3, 7), (4, 8), (5, 6), (7, 11), (8, 12), (9, 10), (9, 13), (10, 14), (11, 15), (12, 13), (14, 15))
((0, 1), (0, 4), (1, 5), (2, 3), (2, 6), (3, 7), (4, 8), (5, 9), (6, 10), (7, 11), (8, 12), (9, 10), (11, 15), (12, 13), (13, 14), (14, 15))


